   3.30000000000000     
   3.32000000000000     
   3.34000000000000     
   3.36000000000000     
   3.38000000000000     
   3.40000000000000     
   3.42000000000000     
   3.44000000000000     
   3.46000000000000     
   3.48000000000000     
   3.50000000000000     
   3.52000000000000     
   3.54000000000000     
   3.56000000000000     
   3.58000000000000     
   3.60000000000000     
   3.62000000000000     
   3.64000000000000     
   3.66000000000000     
   3.68000000000000     
   3.70000000000000     
   3.73000000000000     
   3.76000000000000     
   3.79000000000000     
   3.82000000000000     
   3.85000000000000     
   3.88000000000000     
   3.91000000000000     
   3.94000000000000     
   3.97000000000000     
   4.00000000000000     
   4.05000000000000     
   4.10000000000000     
   4.15000000000000     
   4.20000000000000     
   4.25000000000000     
   4.30000000000000     
   4.35000000000000     
   4.40000000000000     
   4.45000000000000     
   4.50000000000000     
   4.55000000000000     
   4.60000000000000     
   4.65000000000000     
   4.70000000000000     
   4.75000000000000     
   4.80000000000000     
   4.85000000000000     
   4.90000000000000     
   4.95000000000000     
   5.00000000000000     
   5.05000000000000     
   5.10000000000000     
   5.15000000000000     
   5.20000000000000     
   5.25
   5.3
